[CONFIGURE]
WIDTH = 800
HEIGHT = 800
POINT_SIZE = 1
POSITION_X = 112
POSITION_Y = 20
WORLD_LEFT = -1000
WORLD_RIGHT = 1000
WORLD_BOTTOM = -1000
WORLD_TOP = 1000
VIEW_ANGLE = 45
RHO = 100
WORLD_NEAR = 0.1
WORLD_FAR = 1000000
SCALE = 1
BALL_SIZE = 0.5
REFRESH_RATE = 0.001
LINE_SIZE = 1000
GRAV_CONS = 6.67408E-19
SEC_PER_YEAR = 3.171E-8
NO_SECONDS = 10000
DELTA_T = 1.15741E-4
DAYS_PER_SECOND = 1.15741e-5